'A1': 263.52566144995455, 'A2': 206.92548304350657, 'A3': 234.69174246417484, 'A4': 183.15016276721843,
          'A5': 206.31196587177956, 'A6': 234.4266776003275, 'A7': 231.48209158901145, 'A8': 210.57520285148263,
          'A9': 203.96265474147717, 'A10': 48.0, 'A11': 142.78928549978548, 'A12': 125.72433402239946, 'A13': 272.7666060574322,
          'A14': 75.0, 'A15': 63.0, 'A16': 115.56184339754343, 'A17': 164.1376801845029, 'A18': 164.22219494485677,
          'A19': 165.87306113318223, 'A20': 214.08962938972726, 'A23': 83.46657657493134, 'A24': 136.87040764008566,
          'A22': 18.0, 'A21': 154.91781800081776
数据的方差是: 4623.873697988502