'A1': 263.52566144995455, 'A2': 171.83837978779545, 'A3': 242.87896479325397, 'A4': 210.24826663956748,
         'A5': 206.31196587177956, 'A6': 234.4266776003275, 'A7': 231.48209158901145, 'A8': 154.54954137854315,
         'A9': 203.96265474147717, 'A10': 48.0, 'A11': 142.78928549978548, 'A12': 125.72433402239946,
         'A13': 178.64781859442567, 'A14': 75.0, 'A15': 120.49812613097973, 'A16': 115.56184339754343,
         'A17': 164.1376801845029, 'A18': 164.22219494485677, 'A19': 165.87306113318223, 'A20': 272.76399341117383,
         'A23': 129.27498831737725, 'A24': 185.3164917226896, 'A22': 18.0, 'A21': 92.30756002282517,
         'B1': 133.36725364880178, 'B2': 304.0988263092435, 'B3': 339.8092681609747, 'B4': 303.2573210920852,
         'B5': 200.46490888558162, 'B6': 397.1221597612486, 'B7': 132.7278690018578, 'B8': 181.61557068434584,
         'C1': 118.8059962546802, 'C2': 271.4734033061879, 'C3': 166.20969831335927, 'C4': 105.55257652978793,
         'C5': 398.56995658601994, 'C6': 405.649462219554, 'C7': 258.50694059359364, 'C8': 364.30524420307313,
         'C9': 326.9499496117679, 'C10': 266.39060132480256, 'C11': 260.42708193920026, 'C12': 66.0,
         'C13': 146.59310038605668, 'C14': 542.7561062759572, 'C15': 378.6655482434546, 'C16': 254.67028114362532,
         'C17': 304.253079194417, 'D1': 267.7944724822179, 'D2': 327.4786983737794, 'D3': 138.45999999999998,
         'D4': 131.07264884383457, 'D5': 248.15716563488286, 'D6': 66.0, 'D7': 216.9805907387145, 'D8': 244.19955117428356,
         'D9': 219.56295310956517, 'E1': 204.31130403273193, 'E2': 93.73352380466497, 'E3': 153.971147838783,
         'E4': 168.52728081980462, 'E5': 78.0, 'E6': 78.0, 'E7': 78.0, 'E8': 239.93716552341584, 'E9': 100.34387148880924,
         'E10': 177.641970149069, 'E11': 313.17955036879334, 'E12': 327.8456294947393, 'E13': 270.01511589863287,
         'E14': 292.57796599052625, 'E15': 205.03951800231275, 'F1': 420.97257698171416, 'F2': 348.13865820427,
         'F3': 323.81792990753974, 'F4': 337.4339089998812, 'F5': 290.83574610366554, 'F6': 152.9497950336928,
         'F7': 306.3465527176018, 'F8': 144.8805843159712, 'F9': 104.04571104999087, 'F10': 121.7998974352231, 'F11': 63.66211781428987
数据的方差是: 10483.693187232513
